   9.9853290000000001e+01
   9.9805289999999999e+01
   9.9749643333333339e+01
   9.9677909999999997e+01
   9.9591819999999998e+01
   9.9491576666666660e+01
   9.9363799999999998e+01
   9.9221360000000004e+01
   9.9047526666666670e+01
   9.8845830000000007e+01
   9.8613793333333334e+01
   9.8341210000000004e+01
   9.8035474285714287e+01
   9.7690610000000007e+01
   9.7296146666666672e+01
   9.6839493333333337e+01
   9.6332805714285712e+01
   9.5764139999999998e+01
   9.5136333333333340e+01
   9.4422833333333330e+01
   9.3627063333333339e+01
   9.2740608571428567e+01
   9.1733656666666661e+01
   9.0602768571428570e+01
   8.9319991428571427e+01
   8.7876157142857139e+01
   8.6257908571428572e+01
   8.4274471428571431e+01
   8.1976860000000002e+01
   7.8712000000000003e+01
   7.4184174999999996e+01
   6.6422754545454552e+01
   5.5364165999999997e+01
   4.4227372500000001e+01
   3.5614260000000002e+01
   3.0037272500000000e+01
   2.6525357499999998e+01
   2.4383734285714286e+01
   2.2846537142857144e+01
   2.1831492500000000e+01
   2.0930808571428571e+01
   2.0374042500000002e+01
   1.9905752499999998e+01
   1.9354225000000000e+01
   1.9102248571428571e+01
   1.8802679999999999e+01
   1.8513772500000002e+01
   1.8351739999999999e+01
   1.8141594285714287e+01
   1.8005009999999999e+01
   1.7827331428571430e+01
   1.7749894999999999e+01
   1.7616475000000001e+01
   1.7459230000000002e+01
   1.7377845714285716e+01
   1.7280877142857143e+01
   1.7242239999999999e+01
   1.7170304999999999e+01
   1.7070048571428572e+01
   1.7038011428571430e+01
   1.6991212500000000e+01
   1.6932137142857144e+01
   1.6949068571428572e+01
   1.6831765714285716e+01
   1.6848171428571430e+01
   1.6812851428571427e+01
   1.6746947500000001e+01
   1.6720012499999999e+01
   1.6723991428571427e+01
   1.6716992500000000e+01
   1.6628582857142856e+01
   1.6622945714285713e+01
   1.6607371428571430e+01
   1.6578489999999999e+01
   1.6571254285714286e+01
   1.6584345714285714e+01
   1.6582702857142856e+01
   1.6550075000000000e+01
   1.6545597142857144e+01
   1.6507128571428570e+01
   1.6482522857142857e+01
   1.6462364999999998e+01
   1.6434014285714287e+01
   1.6467947500000001e+01
   1.6467077142857143e+01
   1.6480315000000001e+01
   1.6441514999999999e+01
   1.6394408571428571e+01
   1.6405040000000000e+01
   1.6383360000000000e+01
   1.6383125714285715e+01
   1.6378907500000000e+01
   1.6363235000000000e+01
   1.6388787499999999e+01
   1.6368477142857142e+01
   1.6356857142857145e+01
   1.6378557142857144e+01
   1.6338508571428573e+01
   1.6367988571428572e+01
   1.6333368571428572e+01
   1.6340810000000001e+01
