   9.9500619999999998e+01
   9.9451033333333328e+01
   9.9397863333333333e+01
   9.9332440000000005e+01
   9.9268993333333327e+01
   9.9196246666666667e+01
   9.9113209999999995e+01
   9.9030846666666662e+01
   9.8929383333333334e+01
   9.8826026666666664e+01
   9.8711449999999999e+01
   9.8585539999999995e+01
   9.8443426666666667e+01
   9.8302976666666666e+01
   9.8139443333333332e+01
   9.7960740000000001e+01
   9.7766003333333330e+01
   9.7563890000000001e+01
   9.7337583333333328e+01
   9.7093010000000007e+01
   9.6827399999999997e+01
   9.6542739999999995e+01
   9.6217743333333331e+01
   9.5889150000000001e+01
   9.5503129999999999e+01
   9.5103129999999993e+01
   9.4670703333333336e+01
   9.4190550000000002e+01
   9.3672846666666672e+01
   9.3093226666666666e+01
   9.2459580000000003e+01
   9.1764751428571429e+01
   9.0982860000000002e+01
   9.0117056666666670e+01
   8.9161600000000007e+01
   8.8064688571428576e+01
   8.6550108571428567e+01
   8.3638824999999997e+01
   6.7477205333333330e+01
   3.8809844285714284e+01
   2.4129742499999999e+01
   2.0988524999999999e+01
   2.0294965714285713e+01
   2.0054822857142856e+01
   1.9961371428571429e+01
   1.9914668571428571e+01
   1.9854211428571428e+01
   1.9804857142857141e+01
   1.9798128571428570e+01
   1.9807165714285713e+01
   1.9755011428571429e+01
   1.9763348571428573e+01
   1.9744422857142858e+01
   1.9743772499999999e+01
   1.9730957142857143e+01
   1.9785374285714287e+01
   1.9719290000000001e+01
   1.9745842857142858e+01
   1.9753074285714284e+01
   1.9737400000000001e+01
   1.9732237142857144e+01
   1.9704022857142856e+01
   1.9753422857142859e+01
   1.9751605714285713e+01
   1.9775228571428570e+01
   1.9713547500000001e+01
   1.9742185714285714e+01
   1.9753828571428571e+01
   1.9714905714285713e+01
   1.9737179999999999e+01
   1.9722188571428571e+01
   1.9743671428571428e+01
   1.9768177142857144e+01
   1.9725145714285713e+01
   1.9725600000000000e+01
   1.9715064999999999e+01
   1.9771922857142858e+01
   1.9746385714285715e+01
   1.9742042857142856e+01
   1.9723877142857141e+01
   1.9730688571428573e+01
   1.9726317142857141e+01
   1.9717677142857141e+01
   1.9735762857142856e+01
   1.9704139999999999e+01
   1.9702707499999999e+01
   1.9759637500000000e+01
   1.9733408571428573e+01
   1.9772317142857144e+01
   1.9698314285714286e+01
   1.9702185714285715e+01
   1.9746777142857145e+01
   1.9742400000000000e+01
   1.9727814285714285e+01
   1.9750840000000000e+01
   1.9745108571428570e+01
   1.9768417142857142e+01
   1.9739508571428573e+01
   1.9739437142857142e+01
   1.9754091428571428e+01
   1.9733808571428572e+01
