   6.0000743645427221e+01
   6.0007050593861578e+01
   6.0008602911587687e+01
   6.0001842127137238e+01
   6.0000910383498123e+01
   6.0010893031092301e+01
   5.9999647549352517e+01
   5.9995893757898237e+01
   5.9996483860452699e+01
   5.9988827486660043e+01
   5.9980756513872677e+01
   5.9991761826572109e+01
   5.9970822860350978e+01
   5.9962826420557171e+01
   5.9957735694271868e+01
   5.9939991832714682e+01
   5.9926867468211960e+01
   5.9914881343977783e+01
   5.9884459112921704e+01
   5.9853346452577320e+01
   5.9828848336305107e+01
   5.9801812487381582e+01
   5.9763456035860997e+01
   5.9722779069439802e+01
   5.9668132227682058e+01
   5.9623534572352000e+01
   5.9545559755352180e+01
   5.9475409214054977e+01
   5.9397991475838531e+01
   5.9299352531486193e+01
   5.9196563935899952e+01
   5.9066324114716267e+01
   5.8907825172588915e+01
   5.8744371219436808e+01
   5.8528823990805734e+01
   5.8289707941525421e+01
   5.7992061721370810e+01
   5.7638762282342647e+01
   5.7002298302736008e+01
   5.3516290230938452e+01
   4.0904503994250277e+01
   2.5375942518112591e+01
   1.7612954414813206e+01
   1.5766389443099555e+01
   1.5032260747515870e+01
   1.4853180644750612e+01
   1.4618347483730266e+01
   1.4591819700715016e+01
   1.4596704870570969e+01
   1.4536454941266864e+01
   1.4451971889621692e+01
   1.4500434239415128e+01
   1.4486616270598555e+01
   1.4449214953896636e+01
   1.4446710712648541e+01
   1.4439375190818618e+01
   1.4440246870617758e+01
   1.4456110579482647e+01
   1.4408020881678919e+01
   1.4380713508592834e+01
   1.4399423067862577e+01
   1.4402250513400183e+01
   1.4379186521601811e+01
   1.4396270892365774e+01
   1.4388214642705929e+01
   1.4398029270609820e+01
   1.4363889694990208e+01
   1.4429150575875729e+01
   1.4344767429284360e+01
   1.4427648995230895e+01
   1.4361974935179418e+01
   1.4415300443997449e+01
   1.4356456299009658e+01
   1.4325782398034658e+01
   1.4383759368647089e+01
   1.4375203554160700e+01
   1.4377827118882223e+01
   1.4384681784795561e+01
   1.4334289760898161e+01
   1.4379060875972895e+01
   1.4320371721904896e+01
   1.4391726485976198e+01
   1.4403162297053557e+01
   1.4346822587686761e+01
   1.4370582952740421e+01
   1.4362090351302744e+01
   1.4327814977780340e+01
   1.4390123223246597e+01
   1.4392423864987119e+01
   1.4412095109100864e+01
   1.4399967436703779e+01
   1.4364593787189948e+01
   1.4340646144989215e+01
   1.4357559431488157e+01
   1.4367511650699864e+01
   1.4351348532594921e+01
   1.4391893058964056e+01
   1.4404538078394074e+01
   1.4349449695190529e+01
   1.4385939975719394e+01
   1.4397762479270185e+01
