   0.0000000000000000e+00
   8.0430833333333329e-01
   1.6071750000000000e+00
   2.4046583333333333e+00
   3.2092833333333335e+00
   4.0069583333333334e+00
   4.7993666666666668e+00
   5.6004666666666667e+00
   6.3978916666666663e+00
   7.1916666666666664e+00
   7.9958166666666664e+00
   8.7969333333333335e+00
   9.6043333333333329e+00
   1.0400758333333334e+01
   1.1189133333333332e+01
   1.1999666666666666e+01
   1.2794678571428571e+01
   1.3589258333333333e+01
   1.4402807142857142e+01
   1.5203500000000000e+01
   1.6006125000000001e+01
   1.6819566666666667e+01
   1.7600428571428573e+01
   1.8408999999999999e+01
   1.9205283333333334e+01
   2.0013028571428571e+01
   2.0804774999999999e+01
   2.1582650000000001e+01
   2.2382800000000000e+01
   2.3199757142857141e+01
   2.3997814285714284e+01
   2.4816978571428571e+01
   2.5591762500000002e+01
   2.6409485714285715e+01
   2.7189592857142856e+01
   2.8006657142857144e+01
   2.8782800000000002e+01
   2.9577974999999999e+01
   3.0315100000000001e+01
   2.9872117647058822e+01
   2.5180021212121211e+01
   1.8437505263157895e+01
   1.4758063636363635e+01
   1.3812010000000001e+01
   1.3428472222222222e+01
   1.3333670000000000e+01
   1.3168294444444445e+01
   1.3164849999999999e+01
   1.3171683333333334e+01
   1.3129479999999999e+01
   1.3062656250000000e+01
   1.3106927777777777e+01
   1.3095955555555555e+01
   1.3070811111111110e+01
   1.3069305555555555e+01
   1.3063974999999999e+01
   1.3066872222222223e+01
   1.3077427777777778e+01
   1.3036860000000001e+01
   1.3017977777777778e+01
   1.3029405555555556e+01
   1.3035056250000000e+01
   1.3017968750000000e+01
   1.3028005555555556e+01
   1.3021877777777778e+01
   1.3032637500000000e+01
   1.3004949999999999e+01
   1.3061083333333332e+01
   1.2986527777777777e+01
   1.3061674999999999e+01
   1.3006716666666666e+01
   1.3048975000000000e+01
   1.2997218750000000e+01
   1.2974562499999999e+01
   1.3024922222222223e+01
   1.3016095000000000e+01
   1.3017012500000000e+01
   1.3026479999999999e+01
   1.2979116666666666e+01
   1.3017468750000001e+01
   1.2971100000000000e+01
   1.3031325000000001e+01
   1.3038838888888890e+01
   1.2987511111111111e+01
   1.3009066666666667e+01
   1.3003044444444445e+01
   1.2974299999999999e+01
   1.3027111111111111e+01
   1.3033255555555556e+01
   1.3049400000000000e+01
   1.3037195000000001e+01
   1.3006522222222221e+01
   1.2984811111111112e+01
   1.2996618750000000e+01
   1.3009650000000001e+01
   1.2996181249999999e+01
   1.3027711111111111e+01
   1.3039622222222222e+01
   1.2994533333333333e+01
   1.3026633333333333e+01
   1.3036638888888890e+01
