   9.9851141666666663e+01
   9.9821275000000000e+01
   9.9788533333333334e+01
   9.9751566666666662e+01
   9.9701575000000005e+01
   9.9652616666666660e+01
   9.9592471428571429e+01
   9.9526325000000000e+01
   9.9451508333333337e+01
   9.9364658333333338e+01
   9.9271024999999995e+01
   9.9164500000000004e+01
   9.9041614285714289e+01
   9.8916885714285712e+01
   9.8767778571428565e+01
   9.8610641666666666e+01
   9.8443783333333329e+01
   9.8246814285714279e+01
   9.8028178571428569e+01
   9.7816442857142860e+01
   9.7559250000000006e+01
   9.7285892857142855e+01
   9.6988042857142858e+01
   9.6673343750000001e+01
   9.6337191666666669e+01
   9.5947478571428576e+01
   9.5557378571428572e+01
   9.5123628571428569e+01
   9.4652100000000004e+01
   9.4186449999999994e+01
   9.3641499999999994e+01
   9.3038371428571423e+01
   9.2416892857142855e+01
   9.1732757142857139e+01
   9.0984106249999996e+01
   9.0204037499999998e+01
   8.9345068749999996e+01
   8.8385411111111111e+01
   8.7371512499999994e+01
   8.6207237500000005e+01
   8.4998199999999997e+01
   8.3503143750000007e+01
   8.1925377777777783e+01
   8.0021927777777776e+01
   7.7492755555555561e+01
   7.4018945454545459e+01
   6.9291672727272726e+01
   6.2901112500000004e+01
   5.4946926923076923e+01
   4.7819927272727270e+01
   4.0731204545454545e+01
   3.6003672727272729e+01
   3.1709568181818181e+01
   2.8784175000000001e+01
   2.6569395000000000e+01
   2.5046869999999998e+01
   2.3844960000000000e+01
   2.2888394999999999e+01
   2.2156411111111112e+01
   2.1460940000000001e+01
   2.0971129999999999e+01
   2.0541505000000001e+01
   2.0178038888888889e+01
   1.9854405555555555e+01
   1.9577227777777779e+01
   1.9290311111111112e+01
   1.9126899999999999e+01
   1.8885038888888889e+01
   1.8757449999999999e+01
   1.8608166666666666e+01
   1.8494560000000000e+01
   1.8230494444444446e+01
   1.8090681249999999e+01
   1.8073256250000000e+01
   1.7935705555555554e+01
   1.7774039999999999e+01
   1.7701966666666667e+01
   1.7615349999999999e+01
   1.7566656250000001e+01
   1.7565522222222221e+01
   1.7456244444444444e+01
   1.7363250000000001e+01
   1.7324050000000000e+01
   1.7247093750000001e+01
   1.7146899999999999e+01
   1.7197755555555556e+01
   1.7130227777777776e+01
   1.7099625000000000e+01
   1.7100533333333335e+01
   1.6977911111111112e+01
   1.6951481250000001e+01
   1.6962977777777777e+01
   1.6922905555555555e+01
   1.6891300000000001e+01
   1.6828994444444444e+01
   1.6837054999999999e+01
   1.6828266666666668e+01
   1.6786500000000000e+01
   1.6747869999999999e+01
   1.6796550000000000e+01
   1.6762344444444444e+01
