   9.9494966666666670e+01
   9.9427025000000000e+01
   9.9348658333333333e+01
   9.9258241666666663e+01
   9.9169399999999996e+01
   9.9054891666666663e+01
   9.8935433333333336e+01
   9.8793108333333336e+01
   9.8652016666666668e+01
   9.8491225000000000e+01
   9.8311475000000002e+01
   9.8117824999999996e+01
   9.7906342857142860e+01
   9.7682735714285712e+01
   9.7427208333333340e+01
   9.7167871428571431e+01
   9.6869433333333333e+01
   9.6566533333333339e+01
   9.6234021428571424e+01
   9.5870562500000005e+01
   9.5502264285714290e+01
   9.5070635714285714e+01
   9.4655193749999995e+01
   9.4173614285714280e+01
   9.3670150000000007e+01
   9.3141499999999994e+01
   9.2598928571428573e+01
   9.1981062499999993e+01
   9.1339118749999997e+01
   9.0635249999999999e+01
   8.9931268750000001e+01
   8.9150231250000004e+01
   8.8308821428571434e+01
   8.7425228571428576e+01
   8.6478122222222225e+01
   8.5410743749999995e+01
   8.4378174999999999e+01
   8.3123243750000000e+01
   8.1832522222222224e+01
   8.0475368750000001e+01
   7.8885750000000002e+01
   7.7297233333333338e+01
   7.5270444444444450e+01
   7.3042077777777777e+01
   7.0260499999999993e+01
   6.6777516666666671e+01
   6.2838077272727276e+01
   5.7982475000000001e+01
   5.2893454545454546e+01
   4.8088304545454548e+01
   4.3668244999999999e+01
   3.9634345833333334e+01
   3.6376705000000001e+01
   3.3894345000000001e+01
   3.1881274999999999e+01
   3.0292711111111110e+01
   2.9074400000000001e+01
   2.7870983333333335e+01
   2.6924485000000001e+01
   2.6135272222222223e+01
   2.5529949999999999e+01
   2.5060066666666668e+01
   2.4487060000000000e+01
   2.4124469999999999e+01
   2.3763529999999999e+01
   2.3539788888888889e+01
   2.3216699999999999e+01
   2.2871177777777778e+01
   2.2701333333333334e+01
   2.2490677777777776e+01
   2.2246177777777778e+01
   2.2172350000000002e+01
   2.1991955555555556e+01
   2.1887166666666666e+01
   2.1727922222222222e+01
   2.1608583333333332e+01
   2.1477937499999999e+01
   2.1397633333333335e+01
   2.1264577777777777e+01
   2.1211711111111111e+01
   2.1164811111111110e+01
   2.1011461111111110e+01
   2.0969144444444446e+01
   2.0931316666666667e+01
   2.0835822222222223e+01
   2.0845327777777779e+01
   2.0721366666666668e+01
   2.0669772222222221e+01
   2.0649361111111112e+01
   2.0609116666666665e+01
   2.0538016666666667e+01
   2.0498633333333334e+01
   2.0465372222222221e+01
   2.0460650000000001e+01
   2.0406243750000002e+01
   2.0407612499999999e+01
   2.0294161111111112e+01
   2.0377933333333335e+01
   2.0279637500000000e+01
   2.0285194444444443e+01
   2.0210593750000001e+01
