   9.9995341666666661e+01
   9.9992341666666661e+01
   9.9992474999999999e+01
   9.9990575000000007e+01
   9.9989625000000004e+01
   9.9987774999999999e+01
   9.9984274999999997e+01
   9.9978916666666663e+01
   9.9974824999999996e+01
   9.9963541666666671e+01
   9.9964783333333330e+01
   9.9958958333333328e+01
   9.9945716666666669e+01
   9.9940449999999998e+01
   9.9923150000000007e+01
   9.9914050000000003e+01
   9.9893608333333333e+01
   9.9871208333333328e+01
   9.9842883333333333e+01
   9.9815933333333334e+01
   9.9788658333333331e+01
   9.9746200000000002e+01
   9.9703599999999994e+01
   9.9644125000000003e+01
   9.9574291666666667e+01
   9.9516083333333327e+01
   9.9431716666666674e+01
   9.9295550000000006e+01
   9.9232200000000006e+01
   9.9096108333333333e+01
   9.8924566666666664e+01
   9.8776133333333334e+01
   9.8592957142857145e+01
   9.8345007142857142e+01
   9.8128271428571423e+01
   9.7786042857142860e+01
   9.7480242857142855e+01
   9.7093428571428575e+01
   9.6630142857142857e+01
   9.6096842857142860e+01
   9.5354906249999999e+01
   9.4342112499999999e+01
   9.2732718750000004e+01
   8.6662965384615390e+01
   6.9999820000000000e+01
   4.7189309999999999e+01
   2.9686066666666665e+01
   2.1371268181818181e+01
   1.7724660000000000e+01
   1.5860572222222222e+01
   1.4460116666666666e+01
   1.3483377777777777e+01
   1.3211638888888888e+01
   1.2815394444444445e+01
   1.2517844444444444e+01
   1.2290544444444444e+01
   1.2231527777777778e+01
   1.2046255555555556e+01
   1.1830222222222222e+01
   1.1783922222222222e+01
   1.1650650000000001e+01
   1.1671955555555556e+01
   1.1581066666666667e+01
   1.1548000000000000e+01
   1.1462322222222221e+01
   1.1430655555555555e+01
   1.1297350000000000e+01
   1.1358145000000000e+01
   1.1295809999999999e+01
   1.1254094444444444e+01
   1.1247661111111110e+01
   1.1199688888888890e+01
   1.1180844444444444e+01
   1.1237168750000000e+01
   1.1215370000000000e+01
   1.1116281250000000e+01
   1.1101106250000001e+01
   1.1122294444444444e+01
   1.1058999999999999e+01
   1.1018129999999999e+01
   1.1009094444444445e+01
   1.1072835000000000e+01
   1.1031788888888888e+01
   1.1028755555555556e+01
   1.0993625000000000e+01
   1.0941705555555556e+01
   1.0948190000000000e+01
   1.1028988888888890e+01
   1.1000116666666667e+01
   1.0954161111111111e+01
   1.0930922222222222e+01
   1.0905055555555556e+01
   1.0950725000000000e+01
   1.0983965000000000e+01
   1.0937659999999999e+01
   1.0896327777777778e+01
   1.0988477777777778e+01
   1.0945366666666667e+01
   1.0948031250000000e+01
   1.0963527777777777e+01
   1.0913343749999999e+01
