   9.9584966666666674e+01
   9.8916164285714288e+01
   9.8221100000000007e+01
   9.7533433333333335e+01
   9.6835708333333329e+01
   9.6109771428571435e+01
   9.5377328571428578e+01
   9.4646471428571431e+01
   9.3912942857142852e+01
   9.3146107142857147e+01
   9.2360914285714287e+01
   9.1590414285714289e+01
   9.0775156249999995e+01
   8.9946107142857144e+01
   8.9104900000000001e+01
   8.8248056250000005e+01
   8.7391728571428573e+01
   8.6456812499999998e+01
   8.5558728571428574e+01
   8.4625492857142859e+01
   8.3602257142857141e+01
   8.2617925000000000e+01
   8.1589044444444440e+01
   8.0479642857142863e+01
   7.9400343750000005e+01
   7.8255750000000006e+01
   7.7062687499999996e+01
   7.5777066666666670e+01
   7.4473262500000004e+01
   7.3008250000000004e+01
   7.1497168750000000e+01
   6.9867261111111105e+01
   6.8011200000000002e+01
   6.6010333333333335e+01
   6.3467134999999999e+01
   5.9646400000000000e+01
   5.3554654999999997e+01
   4.5385624999999997e+01
   3.9267460000000000e+01
   3.6241594444444445e+01
   3.4804172222222221e+01
   3.4175437500000001e+01
   3.3794462500000002e+01
   3.3600381249999998e+01
   3.3449331250000000e+01
   3.3392706250000003e+01
   3.3300571428571430e+01
   3.3262406249999998e+01
   3.3246318750000000e+01
   3.3226787500000000e+01
   3.3254024999999999e+01
   3.3213127777777778e+01
   3.3177181249999997e+01
   3.3238762500000000e+01
   3.3204312500000000e+01
   3.3209277777777778e+01
   3.3211262499999997e+01
   3.3196399999999997e+01
   3.3209011111111110e+01
   3.3181806250000001e+01
   3.3233372222222222e+01
   3.3192300000000003e+01
   3.3201033333333335e+01
   3.3248150000000003e+01
   3.3184368749999997e+01
   3.3186999999999998e+01
   3.3195000000000000e+01
   3.3256675000000001e+01
   3.3236231250000003e+01
   3.3208649999999999e+01
   3.3234181249999999e+01
   3.3199011111111112e+01
   3.3211725000000001e+01
   3.3182112500000002e+01
   3.3183231249999999e+01
   3.3271400000000000e+01
   3.3212433333333337e+01
   3.3190418749999999e+01
   3.3200787499999997e+01
   3.3237411111111108e+01
   3.3231918749999998e+01
   3.3241824999999999e+01
   3.3235366666666664e+01
   3.3217856249999997e+01
   3.3207356249999997e+01
   3.3204712499999999e+01
   3.3195781250000003e+01
   3.3202405555555558e+01
   3.3207422222222220e+01
   3.3213625000000000e+01
   3.3206993750000002e+01
   3.3222606249999998e+01
   3.3222037499999999e+01
   3.3230312499999997e+01
   3.3210000000000001e+01
   3.3200838888888889e+01
   3.3220125000000003e+01
   3.3242131250000000e+01
   3.3224868749999999e+01
   3.3193605555555557e+01
   3.3212606250000000e+01
