   9.9858575000000002e+01
   9.9836283333333327e+01
   9.9813374999999994e+01
   9.9788899999999998e+01
   9.9760058333333333e+01
   9.9728774999999999e+01
   9.9692800000000005e+01
   9.9653566666666663e+01
   9.9609258333333329e+01
   9.9561925000000002e+01
   9.9496516666666665e+01
   9.9440716666666660e+01
   9.9373999999999995e+01
   9.9292266666666663e+01
   9.9212516666666673e+01
   9.9117578571428567e+01
   9.9009891666666661e+01
   9.8903142857142853e+01
   9.8779133333333334e+01
   9.8635958333333335e+01
   9.8482207142857149e+01
   9.8315058333333340e+01
   9.8140874999999994e+01
   9.7930558333333337e+01
   9.7703178571428566e+01
   9.7462107142857150e+01
   9.7145041666666671e+01
   9.6883458333333337e+01
   9.6453428571428574e+01
   9.6186135714285712e+01
   9.5774074999999996e+01
   9.5314478571428566e+01
   9.4804878571428574e+01
   9.4145637500000007e+01
   9.3423024999999996e+01
   9.2905618750000002e+01
   9.0633070833333335e+01
   9.0258814999999998e+01
   8.9055272727272722e+01
   8.3668578260869566e+01
   4.2697228813559320e+01
   1.8392887500000001e+01
   1.5959838888888889e+01
   1.5776837499999999e+01
   1.5777533333333333e+01
   1.5773488888888888e+01
   1.5741781250000001e+01
   1.5679077777777778e+01
   1.5777287500000000e+01
   1.5752793750000000e+01
   1.5742161111111111e+01
   1.5727127777777778e+01
   1.5742894444444444e+01
   1.5787272222222223e+01
   1.5716605555555555e+01
   1.5755825000000000e+01
   1.5749211111111110e+01
   1.5785666666666666e+01
   1.5714444444444444e+01
   1.5778250000000000e+01
   1.5762800000000000e+01
   1.5778977777777778e+01
   1.5752437499999999e+01
   1.5756466666666666e+01
   1.5766000000000000e+01
   1.5738327777777778e+01
   1.5787311111111110e+01
   1.5728481250000000e+01
   1.5790343750000000e+01
   1.5769187499999999e+01
   1.5754477777777778e+01
   1.5765637500000000e+01
   1.5771038888888889e+01
   1.5730743750000000e+01
   1.5742531250000001e+01
   1.5753825000000001e+01
   1.5724566666666666e+01
   1.5726649999999999e+01
   1.5709394444444445e+01
   1.5767925000000000e+01
   1.5744443750000000e+01
   1.5731350000000001e+01
   1.5697675000000000e+01
   1.5773350000000001e+01
   1.5726806249999999e+01
   1.5789962500000000e+01
   1.5749481250000001e+01
   1.5761743750000001e+01
   1.5787056249999999e+01
   1.5727483333333334e+01
   1.5795781249999999e+01
   1.5698675000000000e+01
   1.5711593750000000e+01
   1.5754250000000001e+01
   1.5773474999999999e+01
   1.5706618750000001e+01
   1.5769144444444445e+01
   1.5782268750000000e+01
   1.5812456250000000e+01
   1.5785175000000001e+01
   1.5752568750000000e+01
