   9.9853713333333327e-01
   9.9833039999999995e-01
   9.9807149999999989e-01
   9.9782063333333337e-01
   9.9752293333333331e-01
   9.9717643333333328e-01
   9.9681586666666666e-01
   9.9639043333333333e-01
   9.9592773333333329e-01
   9.9538126666666671e-01
   9.9479503333333330e-01
   9.9417346666666662e-01
   9.9343979999999998e-01
   9.9265123333333338e-01
   9.9174140000000000e-01
   9.9077420000000005e-01
   9.8966070000000006e-01
   9.8851659999999997e-01
   9.8718133333333324e-01
   9.8570303333333331e-01
   9.8417296666666676e-01
   9.8233153333333334e-01
   9.8034733333333335e-01
   9.7825829999999991e-01
   9.7591159999999999e-01
   9.7326573333333333e-01
   9.7044610000000009e-01
   9.6717240000000004e-01
   9.6379348571428569e-01
   9.6002250000000000e-01
   9.5562970000000003e-01
   9.5095653333333330e-01
   9.4541494285714278e-01
   9.3974831428571437e-01
   9.3249265714285712e-01
   9.2454654285714288e-01
   9.1676083333333336e-01
   9.0580351428571437e-01
   8.8915737142857143e-01
   8.2244046666666659e-01
   6.0404401666666663e-01
   3.2373895555555554e-01
   2.1925291111111112e-01
   1.8393928888888891e-01
   1.7291597500000003e-01
   1.6862072500000000e-01
   1.6756355000000001e-01
   1.6580995000000001e-01
   1.6513777499999999e-01
   1.6513950000000002e-01
   1.6440625000000000e-01
   1.6419402499999999e-01
   1.6376811428571428e-01
   1.6388269999999999e-01
   1.6352437142857140e-01
   1.6354862857142860e-01
   1.6338200000000000e-01
   1.6349094285714286e-01
   1.6328859999999998e-01
   1.6255140000000001e-01
   1.6288457142857143e-01
   1.6293234285714284e-01
   1.6321651428571429e-01
   1.6349022857142856e-01
   1.6278354285714286e-01
   1.6274382500000001e-01
   1.6288294285714286e-01
   1.6294975000000000e-01
   1.6300642857142858e-01
   1.6310075000000002e-01
   1.6273642500000002e-01
   1.6287177142857143e-01
   1.6261265714285714e-01
   1.6292722857142855e-01
   1.6268085714285715e-01
   1.6291034285714287e-01
   1.6262287500000000e-01
   1.6276274999999998e-01
   1.6264225714285716e-01
   1.6255791428571428e-01
   1.6284514285714283e-01
   1.6214848571428572e-01
   1.6281212499999997e-01
   1.6288547500000000e-01
   1.6266805000000001e-01
   1.6285488571428572e-01
   1.6254460000000001e-01
   1.6275014285714284e-01
   1.6266674285714283e-01
   1.6286692500000000e-01
   1.6267435000000000e-01
   1.6281382857142859e-01
   1.6271892499999999e-01
   1.6273372500000000e-01
   1.6275797142857143e-01
   1.6283068571428572e-01
   1.6239725714285716e-01
   1.6295300000000001e-01
   1.6295594285714288e-01
   1.6299200000000000e-01
   1.6273631428571428e-01
