   9.9839983333333338e-01
   9.9788383333333330e-01
   9.9727083333333344e-01
   9.9649033333333337e-01
   9.9551133333333341e-01
   9.9433649999999996e-01
   9.9280550000000001e-01
   9.9086233333333340e-01
   9.8866116666666670e-01
   9.8586883333333331e-01
   9.8239083333333344e-01
   9.7834816666666669e-01
   9.7340742857142859e-01
   9.6729257142857139e-01
   9.6037349999999999e-01
   9.5120733333333329e-01
   9.3959185714285709e-01
   9.2488985714285721e-01
   9.0060725000000008e-01
   8.0686499999999994e-01
   5.4137909090909087e-01
   3.1830176923076925e-01
   2.3092111111111113e-01
   2.0014099999999999e-01
   1.8751112500000000e-01
   1.7988712499999998e-01
   1.7664855555555556e-01
   1.7291612500000000e-01
   1.7254212500000002e-01
   1.7158085714285715e-01
   1.7078375000000001e-01
   1.6886700000000002e-01
   1.6919485714285712e-01
   1.6877124999999998e-01
   1.6780462499999999e-01
   1.6699928571428571e-01
   1.6791737500000001e-01
   1.6782174999999999e-01
   1.6730550000000000e-01
   1.6675387500000000e-01
   1.6652325000000001e-01
   1.6594600000000001e-01
   1.6719750000000000e-01
   1.6675674999999998e-01
   1.6609057142857142e-01
   1.6629600000000000e-01
   1.6651188888888890e-01
   1.6585862500000001e-01
   1.6700811111111111e-01
   1.6689712499999998e-01
   1.6617175000000001e-01
